------------------------------------MINI with enhanced class matching------------------------------------
Full classification report:

              precision    recall  f1-score   support

           A       0.00      0.00      0.00         0
           B       0.00      0.00      0.00         0
           C       0.40      0.25      0.31         8
           D       0.00      0.00      0.00         3
           F       0.00      0.00      0.00         8

    accuracy                           0.11        19
   macro avg       0.08      0.05      0.06        19
weighted avg       0.17      0.11      0.13        19


------------------------------------TRAIN (without)------------------------------------
Full classification report:

               precision    recall  f1-score   support

           (-       0.00      0.00      0.00         0
            A       0.08      0.25      0.12       141
         A 11       0.00      0.00      0.00         0
       A weak       0.00      0.00      0.00         0
          A).       0.00      0.00      0.00         0
           A.       0.00      0.00      0.00         0
           A/       0.00      0.00      0.00         0
         ADAM       0.00      0.00      0.00         0
        Acute       0.00      0.00      0.00         0
          Ag-       0.00      0.00      0.00         0
           Ap       0.00      0.00      0.00         0
            B       0.00      0.00      0.00         0
           B.       0.00      0.00      0.00         0
         BCNU       0.00      0.00      0.00         0
          BMP       0.00      0.00      0.00         0
            C       0.49      0.28      0.36      2211
           C.       0.00      0.00      0.00         0
          CNS       0.00      0.00      0.00         0
          CRF       0.00      0.00      0.00         0
           CY       0.00      0.00      0.00         0
            D       0.11      0.01      0.02       482
           DA       0.00      0.00      0.00         0
          Def       0.00      0.00      0.00         0
          Dex       0.00      0.00      0.00         0
  Difference=       0.00      0.00      0.00         0
            E       0.20      0.00      0.00       551
         Emod       0.00      0.00      0.00         0
            F       0.00      0.00      0.00      1112
           G/       0.00      0.00      0.00         0
          GFC       0.00      0.00      0.00         0
           GJ       0.00      0.00      0.00         0
          HBV       0.00      0.00      0.00         0
           HG       0.00      0.00      0.00         0
         Hist       0.00      0.00      0.00         0
           Hs       0.00      0.00      0.00         0
    Hypomorph       0.00      0.00      0.00         0
          IGF       0.00      0.00      0.00         0
           IL       0.00      0.00      0.00         0
         Imas       0.00      0.00      0.00         0
    Increased       0.00      0.00      0.00         0
           KC       0.00      0.00      0.00         0
       Kenyan       0.00      0.00      0.00         0
          LIF       0.00      0.00      0.00         0
          LKB       0.00      0.00      0.00         0
          LPA       0.00      0.00      0.00         0
         Loss       0.00      0.00      0.00         0
           ML       0.00      0.00      0.00         0
     Mutation       0.00      0.00      0.00         0
    Mutations       0.00      0.00      0.00         0
           NF       0.00      0.00      0.00         0
          NOX       0.00      0.00      0.00         0
          NRG       0.00      0.00      0.00         0
          NTG       0.00      0.00      0.00         0
         None       0.00      0.00      0.00         0
      None of       0.00      0.00      0.00         0
           OP       0.00      0.00      0.00         0
         P-21       0.00      0.00      0.00         0
          PAI       0.00      0.00      0.00         0
          PCR       0.00      0.00      0.00         0
           PK       0.00      0.00      0.00         0
         Phos       0.00      0.00      0.00         0
    Photochem       0.00      0.00      0.00         0
         R124       0.00      0.00      0.00         0
           RA       0.00      0.00      0.00         0
           SF       0.00      0.00      0.00         0
           SL       0.00      0.00      0.00         0
          SNP       0.00      0.00      0.00         0
          Sal       0.00      0.00      0.00         0
         Spir       0.00      0.00      0.00         0
          TGF       0.00      0.00      0.00         0
           TI       0.00      0.00      0.00         0
   Tat induce       0.00      0.00      0.00         0
          The       0.00      0.00      0.00         0
        The M       0.00      0.00      0.00         0
The following       0.00      0.00      0.00         0
The mechanism       0.00      0.00      0.00         0
 The relevant       0.00      0.00      0.00         0
          VAL       0.00      0.00      0.00         0
          VPA       0.00      0.00      0.00         0
    Variation       0.00      0.00      0.00         0
            b       0.00      0.00      0.00         0
            c       0.00      0.00      0.00         0
          clo       0.00      0.00      0.00         0
        codon       0.00      0.00      0.00         0
    decreased       0.00      0.00      0.00         0
          dox       0.00      0.00      0.00         0
            e       0.00      0.00      0.00         0
            i       0.00      0.00      0.00         0
        nodes       0.00      0.00      0.00         0
            r       0.00      0.00      0.00         0
           re       0.00      0.00      0.00         0
            s       0.00      0.00      0.00         0
            t       0.00      0.00      0.00         0

     accuracy                           0.15      4497
    macro avg       0.01      0.01      0.01      4497
 weighted avg       0.28      0.15      0.18      4497


------------------------------------DEV (with options support)------------------------------------


 Full classification report:

              precision    recall  f1-score   support

           A       0.07      0.55      0.13        38
           B       0.00      0.00      0.00         0
           C       0.51      0.36      0.42       598
           D       0.13      0.03      0.05       145
           E       0.00      0.00      0.00       172
           F       0.00      0.00      0.00       331
           G       0.00      0.00      0.00         0
           H       0.00      0.00      0.00         0
     INVALID       0.00      0.00      0.00         0

    accuracy                           0.19      1284
   macro avg       0.08      0.10      0.07      1284
weighted avg       0.26      0.19      0.21      1284


------------------------------------TRAIN (with options support)------------------------------------


Full classification report:

              precision    recall  f1-score   support

           A       0.07      0.44      0.12       141
           B       0.00      0.00      0.00         0
           C       0.43      0.31      0.36      2211
           D       0.06      0.02      0.03       482
           E       0.12      0.01      0.01       551
           F       0.00      0.00      0.00      1112
           G       0.00      0.00      0.00         0
           H       0.00      0.00      0.00         0
     INVALID       0.00      0.00      0.00         0

    accuracy                           0.17      4497
   macro avg       0.08      0.09      0.06      4497
weighted avg       0.24      0.17      0.19      4497


----------------------------------finally

=== DEV Split ===
Size: 1284
Accuracy: 18.61%
F1 (weighted): 0.2057
Invalid predictions: 297 (23.13%)

=== TRAIN Split ===
Size: 4497
Accuracy: 17.08%
F1 (weighted): 0.1877
Invalid predictions: 695 (15.45%)